R<-c(1:9)
R
