R<-c(1:9)
R
rep(1:100,100)
